"CONTROL_SOBOLEVSKY" "KIREEVSKY" "PESENNIKI" "RUSCORPORA" "RUSSKIE_PESNI" "SOBOLEVSKY"
"CONTROL_SOBOLEVSKY" 0 0.736978806130846 0.875461308245009 1.72084862697651 1.45273947320966 0.679965837033144
"KIREEVSKY" 0.736978806130846 0 0.75377290996044 1.64085241611823 1.37865842274115 0.387561633148786
"PESENNIKI" 0.875461308245009 0.75377290996044 0 1.5688564734784 1.16371804921053 0.764591938939705
"RUSCORPORA" 1.72084862697651 1.64085241611823 1.5688564734784 0 1.16071336152069 1.64037342590404
"RUSSKIE_PESNI" 1.45273947320966 1.37865842274115 1.16371804921053 1.16071336152069 0 1.43179972273381
"SOBOLEVSKY" 0.679965837033144 0.387561633148786 0.764591938939705 1.64037342590404 1.43179972273381 0
